ROW/TRUE/FALSE
14 1.0 0.0
15 1.0 0.0
16 1.0 0.0
21 1.0 0.0
22 1.0 0.0
41 1.0 0.0
43 1.0 0.0
45 1.0 0.0
46 1.0 0.0
47 1.0 0.0
50 1.0 0.0
51 1.0 0.0
52 1.0 0.0
55 1.0 0.0
56 1.0 0.0
59 1.0 0.0
90 1.0 0.0
93 1.0 0.0
94 1.0 0.0
95 1.0 0.0
97 1.0 0.0
100 1.0 0.0
102 1.0 0.0
107 1.0 0.0
110 1.0 0.0
120 1.0 0.0
124 1.0 0.0
127 1.0 0.0
135 1.0 0.0
136 1.0 0.0
139 1.0 0.0
140 1.0 0.0
174 1.0 0.0
180 1.0 0.0
205 1.0 0.0
216 1.0 0.0
218 1.0 0.0
223 1.0 0.0
225 1.0 0.0
228 1.0 0.0
234 1.0 0.0
237 1.0 0.0
255 1.0 0.0
267 1.0 0.0
270 1.0 0.0
271 1.0 0.0
273 1.0 0.0
277 1.0 0.0
278 1.0 0.0
281 1.0 0.0
282 1.0 0.0
284 1.0 0.0
293 1.0 0.0
294 1.0 0.0
301 1.0 0.0
326 1.0 0.0
335 1.0 0.0
353 1.0 0.0
360 1.0 0.0
364 1.0 0.0
365 1.0 0.0
378 1.0 0.0
379 1.0 0.0
380 1.0 0.0
381 1.0 0.0
387 1.0 0.0
409 1.0 0.0
415 1.0 0.0
418 1.0 0.0
420 1.0 0.0
437 1.0 0.0
451 1.0 0.0
456 1.0 0.0
457 1.0 0.0
466 1.0 0.0
467 1.0 0.0
468 1.0 0.0
478 1.0 0.0
490 1.0 0.0
491 1.0 0.0
498 1.0 0.0
502 1.0 0.0
503 1.0 0.0
504 1.0 0.0
508 1.0 0.0
511 1.0 0.0
512 1.0 0.0
519 1.0 0.0
525 1.0 0.0
527 1.0 0.0
541 1.0 0.0
544 1.0 0.0
549 1.0 0.0
571 1.0 0.0
578 1.0 0.0
588 1.0 0.0
589 1.0 0.0
596 1.0 0.0
600 1.0 0.0
605 1.0 0.0
606 1.0 0.0
609 1.0 0.0
615 1.0 0.0
635 1.0 0.0
636 1.0 0.0
637 1.0 0.0
638 1.0 0.0
639 1.0 0.0
640 1.0 0.0
641 1.0 0.0
643 1.0 0.0
647 1.0 0.0
654 1.0 0.0
656 1.0 0.0
671 1.0 0.0
672 1.0 0.0
674 1.0 0.0
676 1.0 0.0
677 1.0 0.0
681 1.0 0.0
682 1.0 0.0
702 1.0 0.0
723 1.0 0.0
724 1.0 0.0
725 1.0 0.0
741 0.0 1.0
742 0.0 1.0
747 0.0 1.0
765 0.0 1.0
766 0.0 1.0
782 0.0 1.0
789 0.0 1.0
806 0.0 1.0
807 0.0 1.0
808 0.0 1.0
810 0.0 1.0
815 0.0 1.0
817 0.0 1.0
818 0.0 1.0
819 0.0 1.0
821 0.0 1.0
823 0.0 1.0
827 0.0 1.0
829 0.0 1.0
832 0.0 1.0
834 0.0 1.0
835 0.0 1.0
838 0.0 1.0
844 0.0 1.0
846 0.0 1.0
850 0.0 1.0
852 0.0 1.0
857 0.0 1.0
860 0.0 1.0
861 0.0 1.0
863 0.0 1.0
872 0.0 1.0
874 0.0 1.0
875 0.0 1.0
876 0.0 1.0
882 0.0 1.0
900 0.0 1.0
902 0.0 1.0
904 0.0 1.0
906 0.0 1.0
911 0.0 1.0
914 0.0 1.0
923 0.0 1.0
931 0.0 1.0
935 0.0 1.0
937 0.0 1.0
943 0.0 1.0
948 0.0 1.0
952 0.0 1.0
955 0.0 1.0
957 0.0 1.0
959 0.0 1.0
961 0.0 1.0
965 0.0 1.0
983 0.0 1.0
994 0.0 1.0
997 0.0 1.0
999 0.0 1.0
1000 0.0 1.0
1001 0.0 1.0
1005 0.0 1.0
1016 0.0 1.0
1017 0.0 1.0
1025 0.0 1.0
1028 0.0 1.0
1029 0.0 1.0
1032 0.0 1.0
1033 0.0 1.0
1036 0.0 1.0
1045 0.0 1.0
1047 0.0 1.0
1048 0.0 1.0
1049 0.0 1.0
1055 0.0 1.0
1057 0.0 1.0
1063 0.0 1.0
1069 0.0 1.0
1074 0.0 1.0
1077 0.0 1.0
1082 0.0 1.0
1085 0.0 1.0
1087 0.0 1.0
1089 0.0 1.0
1094 0.0 1.0
1095 0.0 1.0
1098 0.0 1.0
1103 0.0 1.0
1110 0.0 1.0
1123 0.0 1.0
1129 0.0 1.0
1131 0.0 1.0
1136 0.0 1.0
1141 0.0 1.0
1145 0.0 1.0
1147 0.0 1.0
1148 0.0 1.0
1149 0.0 1.0
1151 0.0 1.0
1152 0.0 1.0
1159 0.0 1.0
1164 0.0 1.0
1169 0.0 1.0
1178 0.0 1.0
1181 0.0 1.0
1190 0.0 1.0
1195 0.0 1.0
1196 0.0 1.0
1214 0.0 1.0
1216 0.0 1.0
1218 0.0 1.0
1228 0.0 1.0
1229 0.0 1.0
1235 0.0 1.0
1239 0.0 1.0
1242 0.0 1.0
1247 0.0 1.0
1270 0.0 1.0
1271 0.0 1.0
1279 0.0 1.0
1280 0.0 1.0
1284 0.0 1.0
1289 0.0 1.0
1290 0.0 1.0
1291 0.0 1.0
1297 0.0 1.0
1303 0.0 1.0
1307 0.0 1.0
1308 0.0 1.0
1309 0.0 1.0
1310 0.0 1.0
1312 0.0 1.0
1314 0.0 1.0
1316 0.0 1.0
1318 0.0 1.0
1320 0.0 1.0
1321 0.0 1.0
1330 0.0 1.0
1344 0.0 1.0
1347 0.0 1.0
1356 0.0 1.0
1357 0.0 1.0
1369 0.0 1.0
1370 0.0 1.0
1371 0.0 1.0
1387 0.0 1.0
1388 0.0 1.0
1391 0.0 1.0
1402 0.0 1.0
1403 0.0 1.0
1404 0.0 1.0
1409 0.0 1.0
1414 0.0 1.0
1421 0.0 1.0
1427 0.0 1.0
1428 0.0 1.0
1429 0.0 1.0
1442 0.0 1.0
1446 0.0 1.0
1448 0.0 1.0
1463 0.0 1.0
1477 0.0 1.0
1482 0.0 1.0
1485 0.0 1.0
1488 0.0 1.0
1497 0.0 1.0
1500 0.0 1.0
1505 0.0 1.0
1509 0.0 1.0
1510 0.0 1.0
1515 0.0 1.0
1516 0.0 1.0
1524 0.0 1.0
1529 0.0 1.0
1530 0.0 1.0
1533 0.0 1.0
1536 0.0 1.0
1540 0.0 1.0
1541 0.0 1.0
1542 0.0 1.0
1546 0.0 1.0
1548 0.0 1.0
1549 0.0 1.0
1559 0.0 1.0
1562 0.0 1.0
1565 0.0 1.0
1577 0.0 1.0
1581 0.0 1.0
1584 0.0 1.0
1585 0.0 1.0
1590 0.0 1.0
1592 0.0 1.0
1593 0.0 1.0
1599 0.0 1.0
1618 0.0 1.0
1627 0.0 1.0
1635 0.0 1.0
1639 0.0 1.0
1643 0.0 1.0
1644 0.0 1.0
1645 0.0 1.0
1651 0.0 1.0
1654 0.0 1.0
1658 0.0 1.0
1660 0.0 1.0
1688 0.0 1.0
1692 0.0 1.0
1698 0.0 1.0
1713 0.0 1.0
1722 0.0 1.0
1732 0.0 1.0
1733 0.0 1.0
1740 0.0 1.0
1748 0.0 1.0
1751 0.0 1.0
1757 0.0 1.0
1765 0.0 1.0
1766 0.0 1.0
1778 0.0 1.0
1780 0.0 1.0
1782 0.0 1.0
1784 0.0 1.0
1786 0.0 1.0
1795 0.0 1.0
1798 0.0 1.0
1799 0.0 1.0
1808 0.0 1.0
1812 0.0 1.0
1814 0.0 1.0
1816 0.0 1.0
1819 0.0 1.0
1820 0.0 1.0
1825 0.0 1.0
1830 0.0 1.0
1835 0.0 1.0
1847 0.0 1.0
1851 0.0 1.0
1860 0.0 1.0
1861 0.0 1.0
1867 0.0 1.0
1872 0.0 1.0
1874 0.0 1.0
1892 0.0 1.0
1905 0.0 1.0
1910 0.0 1.0
1915 0.0 1.0
1920 0.0 1.0
1928 0.0 1.0
1930 0.0 1.0
1933 0.0 1.0
1934 0.0 1.0
1936 0.0 1.0
1943 0.0 1.0
1953 0.0 1.0
1968 0.0 1.0
1975 0.0 1.0
1977 0.0 1.0
1978 0.0 1.0
1980 0.0 1.0
1981 0.0 1.0
1991 0.0 1.0
2002 0.0 1.0
2013 0.0 1.0
2048 0.0 1.0
2070 0.0 1.0
2072 0.0 1.0
2073 0.0 1.0
2074 0.0 1.0
2076 0.0 1.0
2083 0.0 1.0
2091 0.0 1.0
2095 0.0 1.0
2111 0.0 1.0
2115 0.0 1.0
2124 0.0 1.0
2129 0.0 1.0
2133 0.0 1.0
2140 0.0 1.0
2148 0.0 1.0
2178 0.0 1.0
2180 0.0 1.0
2184 0.0 1.0
2187 0.0 1.0
2192 0.0 1.0
2205 0.0 1.0
2219 0.0 1.0
2223 0.0 1.0
2226 0.0 1.0
2235 0.0 1.0
2239 0.0 1.0
2241 0.0 1.0
2242 0.0 1.0
2249 0.0 1.0
2251 0.0 1.0
2261 0.0 1.0
2262 0.0 1.0
2276 0.0 1.0
2282 0.0 1.0
2285 0.0 1.0
2289 0.0 1.0
2292 0.0 1.0
2300 0.0 1.0
2314 0.0 1.0
2318 0.0 1.0
2322 0.0 1.0
2330 0.0 1.0
2331 0.0 1.0
2332 0.0 1.0
2333 0.0 1.0
2349 0.0 1.0
2360 0.0 1.0
2365 0.0 1.0
2369 0.0 1.0
2380 0.0 1.0
2388 0.0 1.0
2393 0.0 1.0
2399 0.0 1.0
2406 0.0 1.0
2411 0.0 1.0
2412 0.0 1.0
2413 0.0 1.0
2414 0.0 1.0
2415 0.0 1.0
2416 0.0 1.0
2426 0.0 1.0
2435 0.0 1.0
2436 0.0 1.0
2437 0.0 1.0
2447 0.0 1.0
2460 0.0 1.0
2462 0.0 1.0
2474 0.0 1.0
2479 0.0 1.0
2480 0.0 1.0
2481 0.0 1.0
2484 0.0 1.0
2494 0.0 1.0
2504 0.0 1.0
2508 0.0 1.0
2510 0.0 1.0
2512 0.0 1.0
2523 0.0 1.0
2525 0.0 1.0
2526 0.0 1.0
2538 0.0 1.0
2539 0.0 1.0
2548 0.0 1.0
2553 0.0 1.0
2555 0.0 1.0
2556 0.0 1.0
2562 0.0 1.0
2563 0.0 1.0
2567 0.0 1.0
2586 0.0 1.0
2590 0.0 1.0
2600 0.0 1.0
2601 0.0 1.0
2602 0.0 1.0
2603 0.0 1.0
2608 0.0 1.0
2612 0.0 1.0
2689 0.0 1.0
2696 0.0 1.0
2707 0.0 1.0
2708 0.0 1.0
2713 0.0 1.0
2717 0.0 1.0
2722 0.0 1.0
2728 0.0 1.0
2743 0.0 1.0
2752 0.0 1.0
2753 0.0 1.0
2756 0.0 1.0
2774 0.0 1.0
2779 0.0 1.0
2780 0.0 1.0
2782 0.0 1.0
2796 0.0 1.0
2800 0.0 1.0
2807 0.0 1.0
2808 0.0 1.0
2813 0.0 1.0
2824 0.0 1.0
2838 0.0 1.0
2858 0.0 1.0
2862 0.0 1.0
2863 0.0 1.0
2870 0.0 1.0
2871 0.0 1.0
2872 0.0 1.0
2874 0.0 1.0
2880 0.0 1.0
2887 0.0 1.0
2903 1.0 0.0
2904 1.0 0.0
2909 1.0 0.0
2910 1.0 0.0
2929 1.0 0.0
2931 1.0 0.0
2933 1.0 0.0
2934 1.0 0.0
2935 1.0 0.0
2938 1.0 0.0
2939 1.0 0.0
2940 1.0 0.0
2943 1.0 0.0
2944 1.0 0.0
2947 1.0 0.0
2978 1.0 0.0
2981 1.0 0.0
2982 1.0 0.0
2983 1.0 0.0
2985 1.0 0.0
2988 1.0 0.0
2990 1.0 0.0
2995 1.0 0.0
2998 1.0 0.0
3008 1.0 0.0
3012 1.0 0.0
3015 1.0 0.0
3023 1.0 0.0
3024 1.0 0.0
3027 1.0 0.0
3028 1.0 0.0
3062 1.0 0.0
3068 1.0 0.0
3093 1.0 0.0
3104 1.0 0.0
3106 1.0 0.0
3111 1.0 0.0
3113 1.0 0.0
3116 1.0 0.0
3122 1.0 0.0
3125 1.0 0.0
3143 1.0 0.0
3155 1.0 0.0
3158 1.0 0.0
3159 1.0 0.0
3161 1.0 0.0
3165 1.0 0.0
3166 1.0 0.0
3169 1.0 0.0
3170 1.0 0.0
3172 1.0 0.0
3181 1.0 0.0
3182 1.0 0.0
3189 1.0 0.0
3214 1.0 0.0
3223 1.0 0.0
3241 1.0 0.0
3248 1.0 0.0
3252 1.0 0.0
3253 1.0 0.0
3266 1.0 0.0
3267 1.0 0.0
3268 1.0 0.0
3269 1.0 0.0
3275 1.0 0.0
3297 1.0 0.0
3303 1.0 0.0
3306 1.0 0.0
3308 1.0 0.0
3325 1.0 0.0
3339 1.0 0.0
3344 1.0 0.0
3345 1.0 0.0
3354 1.0 0.0
3355 1.0 0.0
3356 1.0 0.0
3366 1.0 0.0
3378 1.0 0.0
3379 1.0 0.0
3386 1.0 0.0
3390 1.0 0.0
3391 1.0 0.0
3392 1.0 0.0
3396 1.0 0.0
3399 1.0 0.0
3400 1.0 0.0
3407 1.0 0.0
3413 1.0 0.0
3415 1.0 0.0
3429 1.0 0.0
3432 1.0 0.0
3437 1.0 0.0
3459 1.0 0.0
3466 1.0 0.0
3476 1.0 0.0
3477 1.0 0.0
3484 1.0 0.0
3488 1.0 0.0
3493 1.0 0.0
3494 1.0 0.0
3497 1.0 0.0
3503 1.0 0.0
3523 1.0 0.0
3524 1.0 0.0
3525 1.0 0.0
3526 1.0 0.0
3527 1.0 0.0
3528 1.0 0.0
3529 1.0 0.0
3531 1.0 0.0
3535 1.0 0.0
3542 1.0 0.0
3544 1.0 0.0
3559 1.0 0.0
3560 1.0 0.0
3562 1.0 0.0
3564 1.0 0.0
3565 1.0 0.0
3569 1.0 0.0
3570 1.0 0.0
3590 1.0 0.0
3611 1.0 0.0
3612 1.0 0.0
3613 1.0 0.0
3629 0.0 1.0
3630 0.0 1.0
3632 0.0 1.0
3635 0.0 1.0
3653 0.0 1.0
3654 0.0 1.0
3670 0.0 1.0
3677 0.0 1.0
3694 0.0 1.0
3695 0.0 1.0
3696 0.0 1.0
3698 0.0 1.0
3703 0.0 1.0
3705 0.0 1.0
3706 0.0 1.0
3707 0.0 1.0
3709 0.0 1.0
3711 0.0 1.0
3715 0.0 1.0
3717 0.0 1.0
3720 0.0 1.0
3722 0.0 1.0
3723 0.0 1.0
3726 0.0 1.0
3732 0.0 1.0
3734 0.0 1.0
3738 0.0 1.0
3740 0.0 1.0
3745 0.0 1.0
3748 0.0 1.0
3749 0.0 1.0
3751 0.0 1.0
3760 0.0 1.0
3762 0.0 1.0
3763 0.0 1.0
3764 0.0 1.0
3770 0.0 1.0
3788 0.0 1.0
3790 0.0 1.0
3792 0.0 1.0
3794 0.0 1.0
3799 0.0 1.0
3802 0.0 1.0
3811 0.0 1.0
3819 0.0 1.0
3823 0.0 1.0
3825 0.0 1.0
3831 0.0 1.0
3836 0.0 1.0
3840 0.0 1.0
3843 0.0 1.0
3845 0.0 1.0
3847 0.0 1.0
3849 0.0 1.0
3853 0.0 1.0
3871 0.0 1.0
3885 0.0 1.0
3887 0.0 1.0
3888 0.0 1.0
3889 0.0 1.0
3893 0.0 1.0
3904 0.0 1.0
3905 0.0 1.0
3913 0.0 1.0
3916 0.0 1.0
3917 0.0 1.0
3920 0.0 1.0
3921 0.0 1.0
3924 0.0 1.0
3933 0.0 1.0
3935 0.0 1.0
3936 0.0 1.0
3937 0.0 1.0
3943 0.0 1.0
3945 0.0 1.0
3951 0.0 1.0
3957 0.0 1.0
3962 0.0 1.0
3965 0.0 1.0
3970 0.0 1.0
3973 0.0 1.0
3975 0.0 1.0
3977 0.0 1.0
3982 0.0 1.0
3983 0.0 1.0
3986 0.0 1.0
3991 0.0 1.0
3998 0.0 1.0
4011 0.0 1.0
4017 0.0 1.0
4019 0.0 1.0
4024 0.0 1.0
4029 0.0 1.0
4033 0.0 1.0
4035 0.0 1.0
4036 0.0 1.0
4037 0.0 1.0
4039 0.0 1.0
4040 0.0 1.0
4047 0.0 1.0
4052 0.0 1.0
4057 0.0 1.0
4066 0.0 1.0
4069 0.0 1.0
4078 0.0 1.0
4083 0.0 1.0
4084 0.0 1.0
4102 0.0 1.0
4104 0.0 1.0
4106 0.0 1.0
4116 0.0 1.0
4117 0.0 1.0
4123 0.0 1.0
4127 0.0 1.0
4130 0.0 1.0
4135 0.0 1.0
4158 0.0 1.0
4159 0.0 1.0
4167 0.0 1.0
4168 0.0 1.0
4172 0.0 1.0
4177 0.0 1.0
4178 0.0 1.0
4179 0.0 1.0
4185 0.0 1.0
4191 0.0 1.0
4195 0.0 1.0
4196 0.0 1.0
4197 0.0 1.0
4198 0.0 1.0
4200 0.0 1.0
4202 0.0 1.0
4204 0.0 1.0
4208 0.0 1.0
4209 0.0 1.0
4218 0.0 1.0
4232 0.0 1.0
4235 0.0 1.0
4244 0.0 1.0
4245 0.0 1.0
4257 0.0 1.0
4258 0.0 1.0
4259 0.0 1.0
4275 0.0 1.0
4276 0.0 1.0
4279 0.0 1.0
4290 0.0 1.0
4291 0.0 1.0
4292 0.0 1.0
4297 0.0 1.0
4302 0.0 1.0
4309 0.0 1.0
4315 0.0 1.0
4316 0.0 1.0
4317 0.0 1.0
4330 0.0 1.0
4336 0.0 1.0
4351 0.0 1.0
4365 0.0 1.0
4370 0.0 1.0
4373 0.0 1.0
4376 0.0 1.0
4385 0.0 1.0
4388 0.0 1.0
4393 0.0 1.0
4397 0.0 1.0
4398 0.0 1.0
4403 0.0 1.0
4404 0.0 1.0
4412 0.0 1.0
4417 0.0 1.0
4418 0.0 1.0
4421 0.0 1.0
4424 0.0 1.0
4425 0.0 1.0
4428 0.0 1.0
4429 0.0 1.0
4430 0.0 1.0
4434 0.0 1.0
4436 0.0 1.0
4437 0.0 1.0
4438 0.0 1.0
4444 0.0 1.0
4447 0.0 1.0
4450 0.0 1.0
4453 0.0 1.0
4465 0.0 1.0
4469 0.0 1.0
4472 0.0 1.0
4473 0.0 1.0
4478 0.0 1.0
4480 0.0 1.0
4481 0.0 1.0
4487 0.0 1.0
4515 0.0 1.0
4523 0.0 1.0
4527 0.0 1.0
4531 0.0 1.0
4532 0.0 1.0
4533 0.0 1.0
4539 0.0 1.0
4542 0.0 1.0
4546 0.0 1.0
4548 0.0 1.0
4576 0.0 1.0
4580 0.0 1.0
4586 0.0 1.0
4601 0.0 1.0
4610 0.0 1.0
4620 0.0 1.0
4621 0.0 1.0
4628 0.0 1.0
4636 0.0 1.0
4639 0.0 1.0
4645 0.0 1.0
4653 0.0 1.0
4654 0.0 1.0
4666 0.0 1.0
4668 0.0 1.0
4672 0.0 1.0
4674 0.0 1.0
4683 0.0 1.0
4686 0.0 1.0
4687 0.0 1.0
4696 0.0 1.0
4700 0.0 1.0
4702 0.0 1.0
4704 0.0 1.0
4707 0.0 1.0
4708 0.0 1.0
4712 0.0 1.0
4713 0.0 1.0
4718 0.0 1.0
4723 0.0 1.0
4735 0.0 1.0
4739 0.0 1.0
4748 0.0 1.0
4749 0.0 1.0
4755 0.0 1.0
4760 0.0 1.0
4762 0.0 1.0
4780 0.0 1.0
4793 0.0 1.0
4798 0.0 1.0
4803 0.0 1.0
4808 0.0 1.0
4816 0.0 1.0
4818 0.0 1.0
4821 0.0 1.0
4822 0.0 1.0
4824 0.0 1.0
4831 0.0 1.0
4841 0.0 1.0
4856 0.0 1.0
4863 0.0 1.0
4865 0.0 1.0
4866 0.0 1.0
4868 0.0 1.0
4869 0.0 1.0
4879 0.0 1.0
4890 0.0 1.0
4901 0.0 1.0
4936 0.0 1.0
4958 0.0 1.0
4960 0.0 1.0
4961 0.0 1.0
4962 0.0 1.0
4964 0.0 1.0
4971 0.0 1.0
4979 0.0 1.0
4983 0.0 1.0
4999 0.0 1.0
5003 0.0 1.0
5012 0.0 1.0
5017 0.0 1.0
5021 0.0 1.0
5028 0.0 1.0
5036 0.0 1.0
5066 0.0 1.0
5068 0.0 1.0
5072 0.0 1.0
5075 0.0 1.0
5080 0.0 1.0
5093 0.0 1.0
5107 0.0 1.0
5111 0.0 1.0
5114 0.0 1.0
5123 0.0 1.0
5127 0.0 1.0
5129 0.0 1.0
5130 0.0 1.0
5137 0.0 1.0
5139 0.0 1.0
5149 0.0 1.0
5150 0.0 1.0
5164 0.0 1.0
5170 0.0 1.0
5173 0.0 1.0
5177 0.0 1.0
5180 0.0 1.0
5188 0.0 1.0
5202 0.0 1.0
5206 0.0 1.0
5210 0.0 1.0
5218 0.0 1.0
5219 0.0 1.0
5220 0.0 1.0
5221 0.0 1.0
5237 0.0 1.0
5248 0.0 1.0
5253 0.0 1.0
5257 0.0 1.0
5268 0.0 1.0
5276 0.0 1.0
5281 0.0 1.0
5287 0.0 1.0
5294 0.0 1.0
5299 0.0 1.0
5300 0.0 1.0
5301 0.0 1.0
5302 0.0 1.0
5303 0.0 1.0
5304 0.0 1.0
5314 0.0 1.0
5323 0.0 1.0
5324 0.0 1.0
5325 0.0 1.0
5335 0.0 1.0
5348 0.0 1.0
5350 0.0 1.0
5362 0.0 1.0
5367 0.0 1.0
5368 0.0 1.0
5369 0.0 1.0
5372 0.0 1.0
5382 0.0 1.0
5392 0.0 1.0
5396 0.0 1.0
5398 0.0 1.0
5400 0.0 1.0
5411 0.0 1.0
5413 0.0 1.0
5414 0.0 1.0
5426 0.0 1.0
5427 0.0 1.0
5436 0.0 1.0
5441 0.0 1.0
5443 0.0 1.0
5444 0.0 1.0
5450 0.0 1.0
5451 0.0 1.0
5455 0.0 1.0
5478 0.0 1.0
5488 0.0 1.0
5489 0.0 1.0
5490 0.0 1.0
5491 0.0 1.0
5496 0.0 1.0
5500 0.0 1.0
5577 0.0 1.0
5584 0.0 1.0
5595 0.0 1.0
5596 0.0 1.0
5601 0.0 1.0
5605 0.0 1.0
5610 0.0 1.0
5616 0.0 1.0
5631 0.0 1.0
5640 0.0 1.0
5641 0.0 1.0
5644 0.0 1.0
5662 0.0 1.0
5667 0.0 1.0
5668 0.0 1.0
5670 0.0 1.0
5684 0.0 1.0
5688 0.0 1.0
5695 0.0 1.0
5696 0.0 1.0
5701 0.0 1.0
5712 0.0 1.0
5726 0.0 1.0
5746 0.0 1.0
5750 0.0 1.0
5751 0.0 1.0
5758 0.0 1.0
5759 0.0 1.0
5760 0.0 1.0
5762 0.0 1.0
5768 0.0 1.0
5775 0.0 1.0
